
Sprite size from Origin:
X: +/- 20
Y: +35 / -15

Yellow:
1:
 1, 2,  , 4, 5
  , 7, 8, 9,
11,12,  ,14,15
Red:
2:
2,5,7,8,9,11,14,15
3:
1,2,4,5,7,8,9,11,12
Blue: (2 lasers)
4:
pattern 1
5:
1,2,4,6,11,12,
6:
1,2,4,5,7,8,9,11,12,15
Green: (3 lasers)
7:
2,7,8,11,12,15
8:
(Pattern 2) 1,2,4,7,8,9,11,12,15
9:
(Pattern 1) 1,2,4,5,7,8,9,11,2,14,15
Magenta:
10:
1,2,4,5,8,11,12,14
11:
(Pattern 1)
Yellow:
12:
1,2,5,9
13:
2,7,8,11,12,15
14:
(Pattern 1)
15:
1,2,4,7,11,12
White:
16:
(Patern 1)
17:
1,2,7,9,11,14,15
18:
(Pattern 1)
19:
(Pattern 1)
Turquoise:
20:
4,7,8,11,12,14,15
4,13,14,15,17,18
6,8,11,12,14,15
2,4,5,9,11,14,15
(Pattern 1)


Others
1,4,7,8,9,11,14
